0.332031 0.332692
0.410156 0.301923
0.500000 0.259615
0.500000 0.251923
0.832031 0.096154
0.769531 0.121154
0.175781 0.415385
0.332031 0.328846
0.332031 0.344231
0.500000 0.253846
0.562500 0.223077
0.250000 0.376923
0.332031 0.336538
0.250000 0.375000
0.277344 0.359615
0.500000 0.251923
0.500000 0.259615
0.500000 0.263462
0.500000 0.276923
0.500000 0.263462
0.500000 0.263462
0.500000 0.255769
0.500000 0.257692
0.500000 0.253846
0.500000 0.255769
0.277344 0.355769
0.277344 0.357692
0.562500 0.219231
0.562500 0.223077
0.562500 0.226923
0.449219 0.278846
0.921875 0.030769
0.722656 0.148077
0.667969 0.188462
0.667969 0.173077
0.722656 0.151923
0.609375 0.200000
0.554688 0.244231
0.722656 0.132692
0.722656 0.146154
0.332031 0.334615
0.390625 0.301923
0.722656 0.128846
0.609375 0.200000
0.890625 0.065385
0.722656 0.159615
0.722656 0.144231
0.554688 0.234615
0.722656 0.144231
0.667969 0.155769
0.554688 0.221154
0.609375 0.196154
0.722656 0.146154
0.722656 0.140385
0.945312 0.030769
0.722656 0.150000
0.722656 0.146154
0.609375 0.209615
0.332031 0.309615
0.277344 0.363462
0.332031 0.363462
0.468750 0.267308
0.500000 0.251923
0.332031 0.361538
0.445312 0.265385
0.500000 0.267308
0.445312 0.278846
0.500000 0.236538
0.445312 0.278846
0.332031 0.265385
0.500000 0.251923
0.500000 0.255769
0.277344 0.359615
0.281250 0.444231
0.500000 0.246154
0.277344 0.355769
0.773438 0.117308
0.500000 0.255769
0.500000 0.251923
0.500000 0.269231
0.500000 0.236538
0.332031 0.332692
0.390625 0.300000
0.277344 0.357692
0.500000 0.251923
0.500000 0.257692
0.722656 0.146154
0.500000 0.253846
0.503906 0.251923
0.445312 0.278846
0.480469 0.232692
0.199219 0.403846
0.480469 0.275000
0.542969 0.232692
